3.776636225266362334e+00 2.510056534029136532e+00 1.167373342030876282e+00 4.131332898456185898e-01 0.000000000000000000e+00 4.131332898456185898e-01 1.167373342030876282e+00 2.510056534029136532e+00 3.776636225266362334e+00
7.420091324200912553e-01 1.060013046314416174e+00 6.971624266144813564e-01 7.093933463796476824e-01 1.277451619917373271e-01 7.093933463796476824e-01 6.971624266144813564e-01 1.060013046314416174e+00 7.420091324200912553e-01
3.030550119591215452e-01 1.125244618395303320e+00 1.193194172646227402e+00 3.329528158295281259e-01 7.963687758208305434e-01 3.329528158295281259e-01 1.193194172646227402e+00 1.125244618395303320e+00 3.030550119591215452e-01
3.836431833007175385e+00 4.423515981735159919e+00 4.827136333985649230e+00 1.537018917155903441e+00 6.213307240704500245e+00 1.537018917155903441e+00 4.827136333985649230e+00 4.423515981735159919e+00 3.836431833007175385e+00
1.311426397042835257e+00 1.617199391171993739e+00 3.506196999347683807e-01 1.011089367253750648e+00 5.052728854098717193e+00 1.011089367253750648e+00 3.506196999347683807e-01 1.617199391171993739e+00 1.311426397042835257e+00
1.129321591650358725e+00 4.275385953468145317e+00 2.087410306588388664e+00 1.469069362904979359e+00 4.161230702326592201e+00 1.469069362904979359e+00 2.087410306588388664e+00 4.275385953468145317e+00 1.129321591650358725e+00
5.463144161774298180e-01 1.592737551641661087e+00 9.648836703631223921e-01 1.277451619917373327e+00 1.712328767123287632e+00 1.277451619917373327e+00 9.648836703631223921e-01 1.592737551641661087e+00 5.463144161774298180e-01
9.040008697542942784e+00 0.000000000000000000e+00 1.063138725809958629e+01 1.507121113285496961e+01 5.000000000000000000e+01 1.507121113285496961e+01 1.063138725809958629e+01 0.000000000000000000e+00 9.040008697542942784e+00
1.562839747771254562e+00 1.924331376386170689e+00 5.077190693629049179e+00 2.429876060013046235e+00 2.204283539899978273e+00 2.429876060013046235e+00 5.077190693629049179e+00 1.924331376386170689e+00 1.562839747771254562e+00
2.813111545988258300e-01 6.251358991085018690e-01 1.744944553163731094e+00 1.947434224831485094e+00 4.674929332463578779e-01 1.947434224831485094e+00 1.744944553163731094e+00 6.251358991085018690e-01 2.813111545988258300e-01
