1.166203274637009457e+00 1.637318504788384477e+00 5.869632375656471668e-01 4.093296261970961192e-01 0.000000000000000000e+00 4.093296261970961192e-01 5.869632375656471668e-01 1.637318504788384477e+00 1.166203274637009457e+00
1.274328081556997283e+00 3.127896200185356523e+00 1.150756873648439971e+01 1.838121717639789710e+00 2.934816187828235834e-01 1.838121717639789710e+00 1.150756873648439971e+01 3.127896200185356523e+00 1.274328081556997283e+00
3.375038616002471681e+00 3.815261044176707195e+00 9.769848625270311615e+00 4.278653073833797116e+00 4.927401915353722295e+00 4.278653073833797116e+00 9.769848625270311615e+00 3.815261044176707195e+00 3.375038616002471681e+00
8.649984553599011861e+00 1.197868396663577428e+01 2.344763670064875072e+01 1.668211306765523716e+01 1.493666975594686264e+01 1.668211306765523716e+01 2.344763670064875072e+01 1.197868396663577428e+01 8.649984553599011861e+00
2.517763361136855060e+00 4.155081865925239093e+00 4.039233858510966613e+00 2.844454742045103401e+01 1.964782205746061194e+01 2.844454742045103401e+01 4.039233858510966613e+00 4.155081865925239093e+00 2.517763361136855060e+00
1.490577695396972491e+00 3.240654927401915586e+01 2.071362372567191912e+01 5.000000000000000000e+01 1.189372876119864131e+01 5.000000000000000000e+01 2.071362372567191912e+01 3.240654927401915586e+01 1.490577695396972491e+00
2.008032128514056325e+00 4.170528266913809290e+00 7.800432499227680339e+00 8.649984553599011861e+00 3.433734939759035854e+01 8.649984553599011861e+00 7.800432499227680339e+00 4.170528266913809290e+00 2.008032128514056325e+00
2.012666048810627117e+01 5.522088353413654893e+00 2.418906394810009175e+01 1.012511584800741460e+01 4.680259499536608025e+00 1.012511584800741460e+01 2.418906394810009175e+01 5.522088353413654893e+00 2.012666048810627117e+01
6.518381217176398401e+00 1.312944084028421443e+00 3.058387395736793302e+00 1.412573370404695794e+01 1.776336113685511364e+01 1.412573370404695794e+01 3.058387395736793302e+00 1.312944084028421443e+00 6.518381217176398401e+00
1.390176088971269708e-01 0.000000000000000000e+00 1.961692925548347288e+00 4.595304294099475051e+00 0.000000000000000000e+00 4.595304294099475051e+00 1.961692925548347288e+00 0.000000000000000000e+00 1.390176088971269708e-01
