6.583177684558620679e-02 2.235218469640834205e-01 1.500352123457546205e-01 9.798217949110504810e-02 0.000000000000000000e+00 9.798217949110504810e-02 1.500352123457546205e-01 2.235218469640834205e-01 6.583177684558620679e-02
5.052206130010104129e-02 2.572032211641507859e-01 1.090051746838543556e+00 1.729997856639823750e+00 2.970084815824121649e-01 1.729997856639823750e+00 1.090051746838543556e+00 2.572032211641507859e-01 5.052206130010104129e-02
1.041060657092991310e-01 4.929728405646222611e-01 1.651918307357849391e+00 8.619369852108147434e-01 1.264582504057074619e+00 8.619369852108147434e-01 1.651918307357849391e+00 4.929728405646222611e-01 1.041060657092991310e-01
1.486573379466609612e+00 1.953519703603907143e+00 3.942251752962429912e+00 3.934596895189687693e+00 4.623534094736520217e+00 3.934596895189687693e+00 3.942251752962429912e+00 1.953519703603907143e+00 1.486573379466609612e+00
4.416852934872469660e+00 2.293395388713677541e+00 5.614072690529409826e+00 2.729722281760004865e+00 6.635230717413270973e+00 2.729722281760004865e+00 5.614072690529409826e+00 2.293395388713677541e+00 4.416852934872469660e+00
2.294773263112771389e+01 0.000000000000000000e+00 5.000000000000000000e+01 0.000000000000000000e+00 1.787868581401757595e+01 0.000000000000000000e+00 5.000000000000000000e+01 0.000000000000000000e+00 2.294773263112771389e+01
0.000000000000000000e+00 0.000000000000000000e+00 0.000000000000000000e+00 0.000000000000000000e+00 0.000000000000000000e+00 0.000000000000000000e+00 0.000000000000000000e+00 0.000000000000000000e+00 0.000000000000000000e+00
0.000000000000000000e+00 0.000000000000000000e+00 0.000000000000000000e+00 0.000000000000000000e+00 0.000000000000000000e+00 0.000000000000000000e+00 0.000000000000000000e+00 0.000000000000000000e+00 0.000000000000000000e+00
0.000000000000000000e+00 0.000000000000000000e+00 0.000000000000000000e+00 0.000000000000000000e+00 0.000000000000000000e+00 0.000000000000000000e+00 0.000000000000000000e+00 0.000000000000000000e+00 0.000000000000000000e+00
0.000000000000000000e+00 0.000000000000000000e+00 0.000000000000000000e+00 0.000000000000000000e+00 0.000000000000000000e+00 0.000000000000000000e+00 0.000000000000000000e+00 0.000000000000000000e+00 0.000000000000000000e+00
