4.329524954900781708e+00 1.358989777510523034e+01 9.059931850070155335e+00 4.008819402685909417e+00 1.904189216275806951e+00 4.008819402685909417e+00 9.059931850070155335e+00 1.358989777510523034e+01 4.329524954900781708e+00
2.405291641611545295e+00 1.138504710362798278e+01 7.616756865103227803e+00 1.742834235317699054e+01 1.182601723792343185e+00 1.742834235317699054e+01 7.616756865103227803e+00 1.138504710362798278e+01 2.405291641611545295e+00
2.355181399077971527e+00 1.284826618560834000e+01 9.059931850070155335e+00 6.023251152535578079e+00 6.333934656243736860e+00 6.023251152535578079e+00 9.059931850070155335e+00 1.284826618560834000e+01 2.355181399077971527e+00
1.317899378632992580e+01 3.860493084786530460e+01 3.976748847464421743e+01 3.979755462016436240e+01 2.978552816195630371e+01 3.979755462016436240e+01 3.976748847464421743e+01 3.860493084786530460e+01 1.317899378632992580e+01
6.353978753257165657e+00 1.956303868510723731e+01 9.530968129885748041e+00 2.502505512126678866e+01 1.940268590899979984e+01 2.502505512126678866e+01 9.530968129885748041e+00 1.956303868510723731e+01 6.353978753257165657e+00
5.532170775706554799e+00 5.000000000000000000e+01 3.421527360192423117e+01 3.903587893365403971e+01 1.874123070755662468e+01 3.903587893365403971e+01 3.421527360192423117e+01 5.000000000000000000e+01 5.532170775706554799e+00
6.704750450992183808e+00 2.467428342353176873e+01 1.593505712567648835e+01 2.457406293846462120e+01 2.002405291641611740e+01 2.457406293846462120e+01 1.593505712567648835e+01 2.467428342353176873e+01 6.704750450992183808e+00
8.538785327720987084e+00 1.540388855482060571e+01 6.424133092804169998e+00 1.529364602124674377e+01 4.229304469833634172e+00 1.529364602124674377e+01 6.424133092804169998e+00 1.540388855482060571e+01 8.538785327720987084e+00
2.711966325917017429e+01 1.654640208458609152e+01 7.336139506915213992e+00 3.051713770294648498e+01 5.011024253357386771e-01 3.051713770294648498e+01 7.336139506915213992e+00 1.654640208458609152e+01 2.711966325917017429e+01
0.000000000000000000e+00 2.477450390859891982e+01 1.367007416315894908e+01 1.506313890559230195e+01 0.000000000000000000e+00 1.506313890559230195e+01 1.367007416315894908e+01 2.477450390859891982e+01 0.000000000000000000e+00
